2524968900
1425504700
2103394300
1987337700
1364028800
1990644600
1412056200
1117940600
793046500
738363700
747005400
9515300
5157300
3989100
10332900
7490100
8921400
7033200
3995600
5888200
3001200
9518200
4514400
7502500
4000500
4987900
7519500
4827800
8149900
8214500
3893600
10931000
2878800
13363000
3513500
4744000
2957100
4697700
4910500
3513300
3504500
9270100
7246500
3011000
6330500
2000300
3991800
4006000
3678500
5009400
2851600
9003900
13709500
3626000
4038400
7510800
9573300
3999400
4000100
5509800
9112100
2996900
2954200
5471700
4507200
3503700
5000400
3664500
3995200
3448400
5998700
3000200
5957600
2004000
4002900
4112200
4417200
2086500
3900400
8560800
3003800
4054900
2000100
6524800
3985100
5500100
2516300
4989900
7526700
5517600
8899800
5057200
3003000
6489200
8497900
4996600
6893700
2006000
4000900
7130200
6007500
3858400
1991800
3251900
5004400
4003900
3999900
6649400
5344500
2337900
4388100
3000900
6110400
4009500
997600
6673600
6680000
2997400
8007500
5838600
2998100
3010500
4002000
3000500
7008800
3993600
7635900
4665500
13043900
1275400
10096000
4242600
10515600
9528900
5004100
6006000
8517100
8509900
2001500
3987500
7256500
4532700
3992500
3662900
4000500
5009900
3002000
9506900
4993600
5099900
5004600
6196800
2481600
4522100
10521700
4523200
8766100
5806200
6021000
9188300
5263700
5532500
5699400
1881500
8161600
4522600
11801200
5491300
4748500
4122400
3308500
4057100
8723500
3999100
6950900
4987700
5004300
4990200
5495500
4907300
6245500
4326700
5522500
3343400
6002400
6532600
5049500
6088900
5001200
4000400
3990000
4556800
4194100
3864800
4158600
4524200
7540500
3867600
5983200
4008800
8513000
4555200
4481300
4517300
4973200
6006300
5336100
10349700
3005300
4230300
4502500
5072600
7319000
6990700
5200100
2988700
7007300
3055600
5012800
5518000
13031300
8012200
5168600
5172500
8511400
3624600
4186400
3003900
9581200
5009400
4999200
4475200
10927000
7139500
3004800
2506100
10508100
5905200
3998400
5043300
3274600
4945700
3901500
5515500
3408300
9340700
7018500
5005100
8103500
5992400
5008200
5000700
2924200
8008400
9510100
7938900
5997200
8290700
6060400
4530900
5007700
3980500
4047100
4682600
9523000
8879500
3985000
4514300
4000700
8274900
9524200
10086500
5360400
5054600
4506200
9520400
6003600
4520800
6524500
4177000
7159100
4186600
9440000
